# Notes : Entity List : FF 80percent QC blank extracted 
#Interpretation : K_PEX
#Experiment : AH_PoroshellC18_negative
#Flag Value: [Present]
#Entities where at least 80.0 percent of samples in any 1 out of 2 conditions have flags in [Present]
# Technology : MassHunterQual.UNIDENTIFIED_COMPOUNDS.AH_PoroshellC18_negative_2017_Aug_09_11_35_19
# Owner : gxuser
# Created On : Fri May 18 16:08:22 CEST 2018
Compound	Number Passed	K_10(raw)	K_17(raw)	K_19(raw)	K_2(raw)	K_21(raw)	K_22(raw)	K_3(raw)	K_35(raw)	K_36(raw)	K_48(raw)	K_51(raw)	K_52(raw)	K_59(raw)	K_6(raw)	K_61(raw)	K_66(raw)	K_68(raw)	K_70(raw)	K_83(raw)	PEX_30(raw)	PEX_304(raw)	PEX_307(raw)	PEX_308(raw)	PEX_309(raw)	PEX_310(raw)	PEX_312(raw)	PEX_314(raw)	PEX_317(raw)	PEX_320(raw)	PEX_321(raw)	PEX_34(raw)	PEX_69(raw)	PEX_8(raw)	PEX_84(raw)	QC_1(raw)	QC_10(raw)	QC_2(raw)	QC_3(raw)	QC_4(raw)	QC_5(raw)	QC_6(raw)	QC_7(raw)	QC_8(raw)	QC_9(raw)
409.86783@0.8144999	2	26778.0	41099.0	34939.0	32370.0	25505.0	27977.0	23446.0	38055.0	34620.0	32403.0	1.0	29886.0	22457.0	25680.0	23528.0	26206.0	27612.0	23292.0	40602.0	43369.0	40121.0	36939.0	37717.0	39509.0	20571.0	34853.0	36956.0	39389.0	39846.0	37728.0	38890.0	26769.0	1.0	27102.0	24892.0	22562.0	27831.0	25879.0	26180.0	26675.0	26601.0	24169.0	24444.0	22172.0
295.88696@0.8155156	2	166779.0	214882.0	203788.0	161943.0	154760.0	132554.0	133895.0	191451.0	209280.0	184198.0	90397.0	175781.0	165304.0	170305.0	151988.0	171865.0	174064.0	176245.0	197164.0	207535.0	221183.0	234022.0	223851.0	222132.0	135756.0	230961.0	194272.0	225353.0	209026.0	189171.0	225493.0	165443.0	154421.0	164163.0	160817.0	155283.0	177884.0	156682.0	171765.0	171403.0	172491.0	115801.0	158167.0	138772.0
263.93832@0.81720656	2	78270.0	57916.0	92706.0	71943.0	57349.0	44491.0	62291.0	82682.0	89873.0	53988.0	90852.0	69675.0	76683.0	76306.0	52025.0	52648.0	63613.0	51875.0	44290.0	112855.0	97946.0	74950.0	70615.0	62875.0	21043.0	63059.0	58930.0	51953.0	40216.0	101495.0	58823.0	56558.0	47960.0	1.0	62543.0	34940.0	53686.0	36227.0	38049.0	35200.0	39027.0	39894.0	42338.0	31673.0
565.82935@0.8301381	2	21817.0	23302.0	14540.0	19151.0	25356.0	21655.0	20274.0	13517.0	17549.0	22673.0	23472.0	1.0	19268.0	1.0	24939.0	21304.0	19941.0	26324.0	36882.0	1.0	13660.0	22474.0	20738.0	21894.0	35729.0	19865.0	17051.0	24584.0	31607.0	13364.0	21752.0	17787.0	31816.0	30628.0	21502.0	26105.0	30620.0	31355.0	34395.0	29687.0	27411.0	35019.0	33230.0	24614.0
277.92072@0.8343166	2	23615.0	41728.0	37127.0	1.0	28344.0	33385.0	37655.0	38414.0	34537.0	35817.0	1.0	34188.0	24196.0	27456.0	31332.0	33804.0	40660.0	31750.0	40775.0	32071.0	28333.0	47161.0	44738.0	40555.0	29846.0	36650.0	35455.0	42907.0	50934.0	33265.0	34429.0	34171.0	42916.0	37761.0	30003.0	39808.0	1.0	35222.0	39641.0	42224.0	45714.0	34136.0	33486.0	32930.0
451.84668@0.82926303	2	1.0	54024.0	28324.0	30864.0	33690.0	38521.0	28546.0	30451.0	35967.0	43453.0	1.0	20846.0	1.0	27708.0	38099.0	35876.0	33416.0	37521.0	62197.0	1.0	28714.0	40492.0	44152.0	49833.0	51599.0	43490.0	37033.0	50906.0	57944.0	28719.0	48314.0	34628.0	39029.0	59940.0	33802.0	49873.0	41502.0	68501.0	66789.0	57215.0	38358.0	51465.0	55345.0	52749.0
533.87665@0.8328772	2	117815.0	91864.0	91696.0	97878.0	88152.0	76358.0	97668.0	76202.0	81422.0	92785.0	130005.0	80913.0	112609.0	90928.0	98657.0	90961.0	94744.0	81065.0	83729.0	84017.0	81507.0	102002.0	98788.0	101042.0	73254.0	75665.0	89330.0	94281.0	91905.0	99838.0	102289.0	92016.0	104164.0	77634.0	92369.0	82241.0	92811.0	88004.0	88653.0	87659.0	87833.0	86635.0	84692.0	72669.0
435.87335@0.8298363	2	83495.0	30059.0	40067.0	56482.0	90970.0	30686.0	78578.0	30727.0	20750.0	49092.0	85147.0	1.0	76538.0	65893.0	96349.0	76053.0	64456.0	92383.0	24748.0	1.0	36140.0	52807.0	34756.0	28728.0	124623.0	61873.0	46032.0	56078.0	34381.0	29112.0	35281.0	58930.0	113535.0	32083.0	84875.0	81275.0	89411.0	97033.0	94535.0	83355.0	93440.0	79885.0	80244.0	69697.0
245.97134@0.83391076	2	53431.0	35371.0	1.0	57918.0	34599.0	58090.0	24308.0	64093.0	64083.0	50932.0	32406.0	21042.0	42504.0	49275.0	23094.0	47224.0	47296.0	25197.0	37494.0	65354.0	59954.0	67090.0	54950.0	1.0	29614.0	1.0	52335.0	47873.0	45178.0	68185.0	61426.0	38286.0	39693.0	39835.0	1.0	21841.0	48859.0	42371.0	22746.0	30174.0	42150.0	38409.0	1.0	18146.0
387.94632@0.8324222	2	226263.0	327462.0	367737.0	336204.0	230007.0	271968.0	238743.0	350733.0	400725.0	274112.0	196719.0	344366.0	293372.0	254543.0	182663.0	199725.0	273595.0	198236.0	267406.0	359870.0	305915.0	315938.0	325395.0	299829.0	105743.0	252460.0	284676.0	239294.0	218945.0	415852.0	298660.0	273171.0	163013.0	179116.0	209302.0	172042.0	185890.0	174481.0	178221.0	170727.0	177032.0	184356.0	157921.0	152518.0
517.90344@0.832094	2	153111.0	32712.0	69295.0	95482.0	120789.0	39428.0	121274.0	56947.0	44221.0	57505.0	183712.0	43681.0	166466.0	119012.0	111425.0	88535.0	95940.0	93160.0	22734.0	29727.0	66606.0	74479.0	57041.0	35354.0	68290.0	76029.0	65139.0	60484.0	33005.0	64843.0	42934.0	93496.0	119724.0	22089.0	106845.0	70175.0	92976.0	75860.0	69998.0	70262.0	65378.0	76988.0	73813.0	61990.0
491.82614@0.8284109	1	8874.0	48968.0	24520.0	23372.0	23171.0	36537.0	19159.0	26767.0	30114.0	37782.0	1.0	28179.0	1.0	1.0	23161.0	1.0	26039.0	19430.0	64697.0	22997.0	22051.0	35470.0	37470.0	46948.0	25263.0	33754.0	31577.0	41670.0	58603.0	27705.0	32040.0	27750.0	26993.0	47771.0	1.0	33717.0	19358.0	39579.0	39391.0	36548.0	35731.0	38157.0	31137.0	32464.0
459.87506@0.8313712	2	29520.0	73400.0	44623.0	40173.0	28096.0	61122.0	26863.0	50773.0	81213.0	44034.0	1.0	50860.0	33393.0	23287.0	37701.0	54522.0	38644.0	33657.0	96624.0	56435.0	45765.0	50706.0	80132.0	85130.0	30947.0	49125.0	43845.0	69023.0	60487.0	59218.0	66406.0	43114.0	48636.0	63336.0	28972.0	52210.0	59705.0	46708.0	47183.0	35151.0	33196.0	55092.0	1.0	49002.0
419.89624@0.831641	2	199370.0	229182.0	171510.0	187484.0	179091.0	185972.0	174466.0	156866.0	192486.0	191351.0	186710.0	191665.0	171700.0	166800.0	177097.0	172073.0	178858.0	181885.0	229878.0	155856.0	151805.0	196066.0	177350.0	213469.0	169447.0	184508.0	181214.0	196541.0	200227.0	166854.0	205457.0	178918.0	191244.0	185229.0	171417.0	177155.0	179221.0	183897.0	191276.0	183142.0	189782.0	181158.0	152225.0	163953.0
403.92325@0.8328283	2	306700.0	59382.0	125204.0	185952.0	237085.0	69396.0	239773.0	98437.0	72390.0	115929.0	393180.0	74302.0	296573.0	207601.0	228174.0	194489.0	177592.0	206811.0	42004.0	51049.0	116256.0	123966.0	83959.0	61455.0	199789.0	142504.0	111540.0	111516.0	60732.0	97524.0	78879.0	159373.0	249796.0	47142.0	217906.0	139191.0	187693.0	154408.0	155259.0	153714.0	153069.0	154561.0	154160.0	130686.0
289.94342@0.83342624	2	415321.0	86705.0	150775.0	222696.0	336460.0	101835.0	330201.0	116858.0	97009.0	153824.0	555188.0	98393.0	372249.0	256101.0	312982.0	264187.0	229954.0	291362.0	70729.0	1.0	134763.0	158823.0	114599.0	84866.0	342095.0	188285.0	142172.0	152348.0	92773.0	118234.0	108854.0	217915.0	374849.0	76891.0	281989.0	208732.0	258086.0	235725.0	229672.0	224873.0	228181.0	228550.0	228593.0	186630.0
647.85724@0.8326035	2	26381.0	17962.0	17155.0	20524.0	20057.0	14804.0	21833.0	17241.0	19022.0	15997.0	29003.0	17753.0	23805.0	19122.0	17571.0	17730.0	18578.0	17410.0	15950.0	14646.0	14934.0	21423.0	17905.0	17838.0	12114.0	15628.0	14696.0	1.0	13145.0	18799.0	16280.0	16912.0	18610.0	11496.0	1.0	10782.0	15790.0	12413.0	13426.0	1.0	15489.0	14002.0	13527.0	9728.0
549.8543@0.8312298	2	65899.0	1.0	29871.0	43625.0	62863.0	23322.0	66749.0	26297.0	19850.0	41795.0	82523.0	19409.0	60319.0	47997.0	72814.0	63144.0	55067.0	71403.0	1.0	13737.0	26323.0	36277.0	27273.0	20532.0	83605.0	45156.0	33284.0	39263.0	26915.0	24147.0	26485.0	49607.0	82639.0	20054.0	65484.0	58721.0	66801.0	68017.0	66421.0	61902.0	63007.0	61397.0	59531.0	53610.0
273.96637@0.8346715	2	1490049.0	1539659.0	1697782.0	1699469.0	1287764.0	1311262.0	1327762.0	1601105.0	1759491.0	1419648.0	1335468.0	1704144.0	1577427.0	1509826.0	1213829.0	1255735.0	1389057.0	1265100.0	1331344.0	1529319.0	1456893.0	1580873.0	1548045.0	1445924.0	776209.0	1300880.0	1400952.0	1267580.0	1144154.0	1853333.0	1450121.0	1402027.0	1112945.0	973883.0	1330751.0	1028884.0	1208124.0	1070941.0	1064348.0	1060745.0	1075154.0	1064370.0	1058733.0	922916.0
305.91638@0.83581513	2	409347.0	628521.0	454325.0	501135.0	481204.0	520135.0	445966.0	488022.0	515091.0	582501.0	317193.0	510526.0	402769.0	454358.0	492731.0	484423.0	495174.0	523467.0	649350.0	419217.0	406861.0	574554.0	552836.0	586734.0	506484.0	540988.0	516830.0	605236.0	633433.0	485837.0	606842.0	488625.0	474271.0	580556.0	468653.0	557824.0	543847.0	615610.0	609696.0	603775.0	585704.0	579731.0	554962.0	526944.0
313.90973@0.8407257	2	1.0	65833.0	35882.0	40455.0	56829.0	158353.0	21331.0	40237.0	43010.0	47685.0	54592.0	103229.0	42619.0	43540.0	49056.0	42040.0	70016.0	45508.0	79406.0	46247.0	25900.0	33396.0	35578.0	56368.0	48484.0	31712.0	42693.0	45083.0	50717.0	38956.0	48107.0	69496.0	58378.0	93818.0	57485.0	74922.0	52596.0	71989.0	59521.0	53271.0	61772.0	58280.0	54213.0	71400.0
159.98573@0.842609	2	577712.0	591769.0	646700.0	703567.0	533686.0	594785.0	531266.0	553368.0	579261.0	543858.0	547496.0	651618.0	609494.0	696699.0	496267.0	556188.0	682554.0	603707.0	584393.0	620364.0	550946.0	636783.0	611414.0	580617.0	387305.0	471283.0	513765.0	475160.0	557978.0	600734.0	600055.0	553758.0	551929.0	464890.0	556118.0	555148.0	499404.0	477031.0	469442.0	522040.0	528054.0	458894.0	571932.0	458065.0
131.99101@0.84141654	2	65386.0	57064.0	65096.0	64859.0	62216.0	1.0	56241.0	61386.0	52790.0	50269.0	78984.0	61492.0	58710.0	58592.0	53333.0	52464.0	55153.0	58872.0	47897.0	53862.0	57768.0	54552.0	57774.0	54933.0	1.0	50007.0	51352.0	47315.0	47246.0	62835.0	50240.0	50740.0	59739.0	46121.0	55556.0	47226.0	49611.0	45850.0	52049.0	46582.0	48265.0	44800.0	49784.0	46162.0
115.99583@0.8408905	2	135864.0	138629.0	122183.0	146383.0	124940.0	123423.0	129150.0	132880.0	141630.0	134083.0	137731.0	125041.0	141736.0	111862.0	125351.0	106941.0	116782.0	127880.0	118280.0	101201.0	115940.0	137280.0	69246.0	114811.0	93322.0	114691.0	118251.0	112458.0	90925.0	143927.0	129319.0	136742.0	125215.0	85223.0	109769.0	95576.0	121260.0	113714.0	111485.0	112294.0	112660.0	108491.0	91908.0	84621.0
227.9733@0.8650625	2	52567.0	51600.0	61477.0	55751.0	46127.0	44074.0	47343.0	46297.0	55088.0	52660.0	48257.0	55481.0	55023.0	53107.0	41479.0	51989.0	51883.0	49996.0	47115.0	51842.0	47821.0	52752.0	52968.0	50366.0	37881.0	46662.0	41887.0	42378.0	43893.0	55239.0	49013.0	48255.0	42919.0	40707.0	54568.0	42090.0	44642.0	42116.0	41421.0	40077.0	39803.0	38769.0	42917.0	36403.0
295.9602@0.8669669	2	34759.0	35712.0	38529.0	40634.0	32229.0	31966.0	33966.0	33654.0	37490.0	35464.0	34456.0	34237.0	36525.0	33520.0	1.0	33575.0	34988.0	35130.0	31196.0	34156.0	34645.0	36810.0	37779.0	35309.0	25364.0	35153.0	29918.0	30287.0	1.0	38133.0	35339.0	35196.0	31007.0	28502.0	36040.0	27332.0	31519.0	30095.0	28324.0	24083.0	28258.0	28546.0	29314.0	1.0
363.94763@0.86835486	2	58139.0	61351.0	64165.0	61798.0	54271.0	51926.0	52400.0	50896.0	61379.0	57933.0	53349.0	56147.0	59933.0	53840.0	49150.0	51294.0	54585.0	50660.0	54849.0	54039.0	49572.0	59653.0	56828.0	54886.0	40998.0	53360.0	47786.0	1.0	46336.0	60171.0	57736.0	53510.0	49838.0	45600.0	56298.0	43834.0	52740.0	48047.0	46775.0	42786.0	45460.0	45338.0	45688.0	37339.0
657.8919@0.88776964	2	100271.0	103466.0	100002.0	105760.0	94301.0	100886.0	93997.0	99257.0	99361.0	102343.0	83726.0	100257.0	107017.0	91885.0	96597.0	104406.0	101325.0	91202.0	110060.0	101688.0	102579.0	115197.0	99761.0	98600.0	99862.0	111606.0	97127.0	111795.0	108076.0	108392.0	108713.0	94756.0	100043.0	102425.0	113475.0	92928.0	105352.0	108506.0	106775.0	105496.0	102305.0	100574.0	95164.0	88075.0
793.8673@0.8878441	2	79021.0	80722.0	78183.0	86035.0	79536.0	85293.0	76261.0	77693.0	84341.0	82650.0	71336.0	84594.0	82148.0	76185.0	76803.0	84274.0	82133.0	75590.0	92865.0	85949.0	86978.0	92526.0	79876.0	87186.0	81275.0	91017.0	83612.0	93976.0	88947.0	87994.0	84872.0	70786.0	84948.0	78038.0	89051.0	77250.0	86415.0	85496.0	83448.0	84993.0	83543.0	82478.0	79354.0	67345.0
725.8796@0.88768786	2	95831.0	97974.0	90129.0	99422.0	93068.0	95881.0	90309.0	86752.0	96412.0	99666.0	81671.0	94077.0	96038.0	91540.0	90478.0	99020.0	97235.0	84502.0	105386.0	100054.0	103826.0	106893.0	94013.0	98582.0	94518.0	105919.0	94855.0	109994.0	104713.0	101197.0	98900.0	88248.0	94592.0	95835.0	108328.0	89569.0	105785.0	101338.0	96765.0	96843.0	92482.0	95037.0	91767.0	80434.0
589.9045@0.88795495	2	145371.0	149768.0	144232.0	158392.0	136271.0	144623.0	135488.0	142448.0	138148.0	147481.0	123144.0	139403.0	148613.0	139918.0	138608.0	146530.0	145554.0	138668.0	157189.0	149976.0	158120.0	167679.0	139016.0	157889.0	142060.0	161104.0	148974.0	156382.0	156321.0	162482.0	145595.0	130926.0	144151.0	143751.0	151978.0	138478.0	148978.0	150749.0	153868.0	147421.0	148565.0	147190.0	130109.0	126019.0
317.955@0.8902271	2	164725.0	167649.0	163549.0	174722.0	160318.0	156345.0	152314.0	155133.0	159227.0	162001.0	147312.0	170603.0	168118.0	161481.0	153611.0	171667.0	164927.0	155251.0	165524.0	175718.0	168997.0	174973.0	163222.0	167364.0	160447.0	172932.0	159651.0	180625.0	180493.0	166829.0	162114.0	155801.0	160502.0	165591.0	186270.0	160559.0	173378.0	169371.0	158140.0	165031.0	161602.0	156632.0	162992.0	151618.0
385.94232@0.88953024	2	126583.0	126864.0	121222.0	128776.0	118844.0	116834.0	117631.0	116904.0	127464.0	125118.0	106491.0	124298.0	126874.0	119436.0	119083.0	125865.0	127286.0	119573.0	129498.0	127374.0	131313.0	131020.0	121604.0	124729.0	121462.0	133347.0	123345.0	136407.0	128028.0	125010.0	125836.0	110557.0	121818.0	118577.0	137027.0	118834.0	135566.0	129890.0	127634.0	124727.0	122139.0	123607.0	124497.0	109834.0
113.99287@0.88996637	2	152845.0	153415.0	173292.0	152804.0	144524.0	150673.0	136448.0	144733.0	147072.0	1.0	133741.0	176716.0	158998.0	183966.0	143298.0	188836.0	175873.0	1.0	153533.0	180320.0	151453.0	160251.0	171758.0	174367.0	150132.0	1.0	146942.0	1.0	193506.0	142715.0	145435.0	144435.0	140441.0	177043.0	183080.0	167449.0	155747.0	158303.0	144324.0	146888.0	147261.0	141117.0	184949.0	168927.0
249.97623@0.8927458	2	113249.0	124840.0	126183.0	160374.0	126392.0	111687.0	153863.0	153237.0	100226.0	138673.0	143422.0	132287.0	123337.0	126408.0	1.0	108470.0	116466.0	116749.0	123145.0	145934.0	133698.0	127023.0	120990.0	145011.0	118783.0	115632.0	119249.0	125261.0	198802.0	144988.0	127318.0	128820.0	1.0	204389.0	1.0	173017.0	123735.0	133453.0	147248.0	128551.0	141505.0	114220.0	116270.0	135338.0
161.84943@0.9660455	2	5622641.0	3779545.0	5367590.0	4766374.0	6429406.0	7148391.0	6877535.0	5470583.0	4714930.0	5572678.0	5920091.0	5229593.0	4865545.0	5876991.0	5744277.0	4764160.0	4723056.0	3435534.0	4431035.0	4617962.0	3533582.0	5728211.0	3796511.0	4319903.0	6875535.0	3996551.0	4961639.0	2904041.0	3819622.0	2876048.0	4052244.0	3719430.0	6947351.0	3660427.0	4620785.0	4644492.0	5112279.0	4909582.0	4806583.0	4965253.0	4356468.0	4474503.0	4701700.0	4157828.0
146.06944@0.9663919	1	1.0	454901.0	502934.0	610842.0	643554.0	496440.0	525994.0	471571.0	1.0	429871.0	556511.0	393336.0	1.0	1.0	307814.0	537896.0	400258.0	302434.0	388561.0	449755.0	394216.0	527776.0	446567.0	409458.0	321137.0	431578.0	345054.0	287949.0	1.0	402315.0	451097.0	454947.0	620363.0	448906.0	1.0	392343.0	1.0	413893.0	420315.0	396318.0	371567.0	358258.0	417826.0	421417.0
956.98035@0.97055036	2	1487020.0	1318011.0	1272135.0	1221056.0	1400020.0	1305279.0	870119.0	1379041.0	722663.0	1.0	1026764.0	1296838.0	1349844.0	1181541.0	772514.0	630982.0	1215194.0	1.0	1256372.0	1048093.0	450351.0	1476896.0	1324863.0	1340347.0	1221376.0	1.0	944769.0	1491065.0	1456152.0	1254471.0	1.0	1240994.0	701465.0	960265.0	1559311.0	1214078.0	1317967.0	1438973.0	1085473.0	940555.0	1148082.0	1043359.0	1278381.0	477523.0
135.90166@0.98268855	2	457092.0	336471.0	216105.0	468548.0	322095.0	395282.0	307204.0	241905.0	251707.0	411805.0	324645.0	237438.0	362083.0	246641.0	331585.0	307003.0	144228.0	340007.0	280466.0	302651.0	383980.0	512727.0	279175.0	278971.0	392136.0	170069.0	287138.0	372036.0	285538.0	1.0	287985.0	283403.0	421289.0	226348.0	368942.0	217763.0	382294.0	293828.0	1.0	1.0	241886.0	235697.0	224969.0	213338.0
166.04842@1.0493261	1	1.0	1669498.0	1.0	68504.0	744892.0	1.0	908950.0	1192064.0	374505.0	1.0	1187704.0	316998.0	83242.0	1.0	1.0	56391.0	1.0	1330640.0	1243801.0	1024109.0	1599601.0	1.0	1.0	27298.0	149484.0	1483523.0	1129688.0	1.0	662162.0	1638955.0	1163433.0	384174.0	994078.0	1523506.0	749143.0	1777370.0	1551887.0	740459.0	1658253.0	1476529.0	692239.0	1692895.0	1845410.0	1841464.0
104.01117@1.0032952	2	253538.0	655133.0	1.0	827067.0	206231.0	481711.0	525804.0	554576.0	598920.0	644633.0	658521.0	958022.0	910054.0	560323.0	450783.0	594982.0	979650.0	1128985.0	495489.0	233362.0	425953.0	405870.0	759250.0	759021.0	110568.0	603873.0	816710.0	906655.0	306683.0	840861.0	547294.0	817211.0	311291.0	1.0	816810.0	966868.0	693334.0	834521.0	773946.0	686734.0	847195.0	751276.0	970245.0	864746.0
164.03194@1.0034443	2	373829.0	923669.0	1.0	1243990.0	308888.0	722516.0	949100.0	827981.0	980639.0	898312.0	963076.0	1874016.0	1400236.0	994147.0	680897.0	1096876.0	1847132.0	1583641.0	718992.0	421743.0	678804.0	631094.0	1389742.0	1451288.0	144345.0	966741.0	1273073.0	1227046.0	485587.0	1324244.0	793807.0	1087299.0	451794.0	330137.0	1551314.0	1646408.0	1093702.0	1053258.0	1230385.0	1089801.0	1228911.0	1120202.0	1785978.0	1784104.0
280.06055@1.0226778	2	1.0	691559.0	1.0	89881.0	115686.0	634999.0	75527.0	344666.0	323379.0	96772.0	157059.0	391193.0	194842.0	1.0	54823.0	78535.0	215813.0	346981.0	703909.0	384099.0	225435.0	297773.0	136645.0	193533.0	55223.0	293753.0	243177.0	122494.0	728252.0	272865.0	633159.0	100552.0	25715.0	692885.0	116239.0	154238.0	116201.0	139560.0	140347.0	126689.0	154359.0	131417.0	159767.0	164661.0
350.04636@1.0509607	1	39898.0	27443.0	1.0	95186.0	1.0	32318.0	27613.0	36550.0	39201.0	88050.0	77558.0	79925.0	69849.0	22284.0	60948.0	46136.0	104050.0	77303.0	1.0	1.0	26072.0	1.0	51336.0	9473.0	1.0	45343.0	70260.0	1.0	1.0	71305.0	25656.0	16713.0	45570.0	1.0	16552.0	85336.0	92593.0	91582.0	91958.0	91822.0	86639.0	86679.0	87176.0	84765.0
322.0514@1.026754	2	32436.0	115134.0	1.0	150727.0	42573.0	113401.0	126557.0	118536.0	124310.0	155870.0	151183.0	199825.0	168467.0	57501.0	82367.0	72028.0	172633.0	144233.0	107787.0	52876.0	96980.0	88978.0	126966.0	128660.0	1.0	130842.0	149649.0	69773.0	52806.0	161540.0	110138.0	104841.0	47841.0	27912.0	110507.0	104133.0	109744.0	113070.0	113340.0	111361.0	112604.0	107328.0	108412.0	101472.0
60.02067@1.026463	1	167812.0	416667.0	1.0	309855.0	210196.0	1.0	1.0	393753.0	392034.0	338013.0	353140.0	375651.0	337361.0	1.0	212349.0	241991.0	320604.0	1.0	424155.0	323370.0	470128.0	427912.0	319922.0	356683.0	181423.0	385447.0	368134.0	442281.0	326469.0	385831.0	393380.0	1.0	1.0	235733.0	303732.0	294321.0	313634.0	332052.0	313162.0	306948.0	317628.0	309858.0	294379.0	300294.0
72.02119@1.0373913	1	147876.0	263678.0	39096.0	214454.0	112977.0	1.0	46631.0	225577.0	203128.0	133593.0	224881.0	243471.0	1.0	54027.0	120671.0	1.0	1.0	231998.0	254599.0	209740.0	276939.0	256913.0	217569.0	242809.0	108519.0	232494.0	212393.0	256786.0	1.0	158475.0	227132.0	53672.0	1.0	1.0	264137.0	78867.0	1.0	239358.0	240409.0	228324.0	313811.0	1.0	251042.0	248935.0
193.99643@1.0329063	2	191049.0	196539.0	159724.0	266974.0	230990.0	225393.0	219756.0	246176.0	226445.0	304113.0	276280.0	261597.0	257055.0	176083.0	267959.0	211729.0	281673.0	203029.0	218473.0	269279.0	223996.0	282910.0	236933.0	262174.0	295244.0	237277.0	214698.0	217015.0	259037.0	227789.0	215796.0	186140.0	205614.0	215357.0	228187.0	194307.0	214841.0	200476.0	196528.0	213450.0	183951.0	127178.0	190095.0	182980.0
288.0459@1.0553961	1	56719.0	22938.0	13415.0	91310.0	1.0	47047.0	1.0	29309.0	29316.0	84222.0	87785.0	62222.0	96248.0	30928.0	67826.0	23247.0	58862.0	76454.0	36412.0	1.0	28848.0	28796.0	32566.0	1.0	1.0	54715.0	46983.0	32057.0	1.0	42483.0	25087.0	60623.0	56498.0	1.0	76968.0	95763.0	113962.0	107349.0	104253.0	100702.0	101624.0	99538.0	95281.0	91392.0
76.01576@1.0336156	1	1.0	3838894.0	771475.0	2178968.0	1971387.0	4075446.0	1845994.0	3490126.0	1.0	2754766.0	2808484.0	2733743.0	1825111.0	1.0	1463937.0	1.0	2240366.0	2700563.0	4381785.0	3342269.0	4669784.0	4208342.0	2416556.0	2846785.0	1826615.0	3220769.0	2546475.0	3546704.0	1.0	2790762.0	3799544.0	1860077.0	1065196.0	2317976.0	1.0	1860905.0	1.0	2393955.0	2321906.0	2302851.0	2342955.0	2225739.0	1859514.0	1696640.0
90.03148@1.0328801	1	1.0	169729.0	1.0	97573.0	1.0	248792.0	1.0	153046.0	144474.0	118036.0	128822.0	149306.0	1.0	1.0	1.0	112001.0	289827.0	140261.0	185228.0	284465.0	209239.0	176184.0	131542.0	156594.0	1.0	276062.0	139122.0	161349.0	185575.0	147601.0	167609.0	1.0	58690.0	126545.0	120469.0	220031.0	196258.0	200973.0	209192.0	1.0	1.0	198626.0	107412.0	206703.0
136.03738@1.0349064	2	1.310776E7	3.1283506E7	8765901.0	2.0137364E7	1.7927602E7	3.270121E7	1.69103E7	2.866885E7	2.7904284E7	2.3805426E7	2.4384686E7	3.1536606E7	2.0364682E7	1.2448269E7	1.4758537E7	2.284725E7	2.8147144E7	2.531104E7	3.3438716E7	3.6625284E7	3.5681284E7	3.3159562E7	2.7840634E7	3.0811278E7	1.6480629E7	2.8764116E7	2.499189E7	2.753877E7	3.5792768E7	2.6765408E7	3.0620216E7	1.7210148E7	1.0814061E7	2.74847E7	2.3381404E7	2.2246626E7	2.0845166E7	2.0439582E7	2.0365162E7	2.049206E7	1.9999696E7	1.9913304E7	2.307588E7	2.2892314E7
294.05658@1.0354064	2	226754.0	1160654.0	121501.0	736370.0	567473.0	1335989.0	530427.0	1261385.0	1025666.0	1033548.0	974670.0	1300240.0	798458.0	234484.0	525695.0	418825.0	911440.0	481649.0	1498501.0	1467882.0	1430583.0	1191314.0	1104683.0	990898.0	435943.0	1311394.0	937854.0	416511.0	1424940.0	1003463.0	1238758.0	468490.0	321275.0	945493.0	585948.0	513108.0	578391.0	543295.0	547871.0	564969.0	507620.0	539848.0	513828.0	505029.0
352.01483@1.0370814	1	1.0	56973.0	1.0	53290.0	1.0	62752.0	45085.0	69054.0	64616.0	63943.0	66320.0	73760.0	58315.0	1.0	1.0	1.0	65100.0	1.0	69201.0	72561.0	64649.0	72986.0	63742.0	56316.0	29191.0	72372.0	57617.0	37155.0	73802.0	63525.0	61367.0	1.0	1.0	56672.0	44778.0	38229.0	41783.0	41803.0	41168.0	39465.0	37129.0	40274.0	37928.0	1.0
130.02625@1.0305686	2	433548.0	180383.0	1.0	537217.0	45672.0	71026.0	510622.0	66558.0	140060.0	89974.0	231830.0	287039.0	437407.0	168688.0	114750.0	422818.0	186168.0	484029.0	106000.0	50041.0	1.0	81041.0	346861.0	209850.0	10518.0	1.0	145187.0	1.0	150550.0	226148.0	92800.0	131644.0	121055.0	83931.0	651402.0	1.0	1.0	426567.0	528747.0	251677.0	498939.0	482891.0	615362.0	670805.0
192.02686@1.0536824	2	318994.0	179110.0	2.8767594E7	447339.0	68139.0	51102.0	422471.0	129453.0	113304.0	193706.0	190413.0	187831.0	312018.0	586636.0	184441.0	328961.0	279509.0	362140.0	82575.0	96748.0	47352.0	26382.0	1.0	135446.0	2.7580216E7	75865.0	178450.0	109902.0	2.4913728E7	133829.0	95315.0	323466.0	239064.0	29760.0	645300.0	558151.0	434679.0	461567.0	438876.0	435154.0	446053.0	374090.0	261077.0	595595.0
224.9253@1.050069	2	77668.0	15252.0	14819.0	43423.0	23032.0	47183.0	54312.0	18838.0	1.0	73568.0	76347.0	25952.0	78711.0	1.0	36730.0	1.0	58568.0	40195.0	18885.0	21104.0	8755.0	1.0	56438.0	1.0	30235.0	1.0	70752.0	46385.0	60392.0	56376.0	21782.0	42279.0	65222.0	26612.0	39604.0	48190.0	56618.0	53035.0	32104.0	46557.0	39861.0	25241.0	45720.0	42056.0
192.0633@1.0883577	2	227047.0	180099.0	1.0	59888.0	1.0	1.0	138936.0	162763.0	91432.0	86403.0	250317.0	480855.0	555428.0	81339.0	73277.0	354896.0	224952.0	199853.0	122859.0	1.0	140539.0	186464.0	277986.0	153342.0	382053.0	624826.0	502974.0	71321.0	128439.0	440576.0	191256.0	255179.0	309999.0	144376.0	577237.0	528720.0	574758.0	583215.0	581425.0	548232.0	554718.0	561075.0	550149.0	531709.0
180.06265@1.0936409	2	223718.0	180876.0	328003.0	304873.0	245348.0	190019.0	201460.0	223059.0	262049.0	182952.0	167031.0	231986.0	315659.0	291057.0	383161.0	494922.0	307983.0	336090.0	222857.0	167203.0	334333.0	403375.0	223278.0	65095.0	608898.0	297897.0	400758.0	170701.0	338080.0	232479.0	214170.0	454173.0	311974.0	207877.0	343196.0	342901.0	394553.0	370793.0	366524.0	203044.0	226261.0	380560.0	373152.0	326301.0
106.02625@1.0951564	2	315276.0	3415386.0	3060133.0	576391.0	3086638.0	2408014.0	364428.0	2318377.0	2392979.0	930013.0	758784.0	2224556.0	496886.0	822998.0	336903.0	894837.0	913493.0	702804.0	2188097.0	4317540.0	2244996.0	2571503.0	2455600.0	2541954.0	1615499.0	1429754.0	801956.0	2065305.0	1831036.0	21486.0	2634898.0	668403.0	199079.0	3900736.0	1714369.0	1828768.0	1374107.0	1447865.0	1470301.0	1458630.0	1470803.0	1444720.0	1959388.0	1987608.0
297.09177@1.1023228	2	42120.0	20081.0	35681.0	53790.0	35114.0	27401.0	1.0	1.0	22976.0	41677.0	36126.0	17614.0	37128.0	28372.0	31813.0	45013.0	41765.0	24530.0	18018.0	21505.0	18744.0	28461.0	25848.0	20360.0	18438.0	33341.0	25453.0	32969.0	29649.0	37974.0	20356.0	34032.0	53230.0	16898.0	33164.0	27086.0	31038.0	29826.0	32041.0	31018.0	27743.0	28757.0	28826.0	28304.0
150.05103@1.0996193	2	7207.0	70566.0	213065.0	155049.0	219478.0	85301.0	165015.0	92957.0	110163.0	101839.0	102091.0	128210.0	240335.0	233219.0	145765.0	301794.0	210599.0	297616.0	80086.0	1.0	105686.0	154771.0	177224.0	188853.0	323555.0	201650.0	200790.0	116811.0	164982.0	265376.0	86682.0	270058.0	165290.0	157825.0	241749.0	217204.0	223609.0	224518.0	227474.0	225475.0	213854.0	89315.0	228729.0	233137.0
275.1104@1.1039685	2	116465.0	92055.0	153072.0	174747.0	145424.0	113137.0	72983.0	90320.0	90258.0	120380.0	105909.0	67776.0	95658.0	111873.0	88316.0	140567.0	120883.0	84612.0	68688.0	93110.0	73888.0	115739.0	86694.0	71347.0	51826.0	108005.0	65985.0	104244.0	90261.0	112569.0	82026.0	133868.0	134780.0	58410.0	104954.0	95000.0	106297.0	113005.0	105893.0	104819.0	102733.0	103554.0	99227.0	101782.0
426.0858@1.1156671	2	27068.0	46515.0	44811.0	47261.0	25985.0	44783.0	14593.0	35633.0	28063.0	43956.0	36263.0	30243.0	42831.0	24040.0	34416.0	27402.0	35196.0	28070.0	34093.0	45196.0	34338.0	29400.0	44760.0	32633.0	1.0	61981.0	38274.0	65164.0	30043.0	39449.0	33856.0	52869.0	33544.0	24647.0	39327.0	32890.0	38640.0	34613.0	37622.0	35040.0	35220.0	35379.0	34249.0	30137.0
167.02287@1.1200311	2	305972.0	681472.0	338182.0	292213.0	319811.0	465253.0	227380.0	463447.0	390600.0	211676.0	450916.0	308425.0	453131.0	381013.0	195911.0	211739.0	333308.0	390779.0	442786.0	438959.0	286516.0	392583.0	316552.0	343574.0	113959.0	242114.0	299577.0	285303.0	328687.0	371885.0	386226.0	353962.0	255247.0	295415.0	278671.0	260820.0	276762.0	297067.0	267944.0	254981.0	274387.0	272615.0	279963.0	256525.0
144.00507@1.161889	1	65343.0	50130.0	1.0	93681.0	23034.0	25416.0	130381.0	1.0	28327.0	84623.0	73474.0	17869.0	115783.0	107280.0	93405.0	59443.0	75926.0	63941.0	15460.0	1.0	17285.0	17600.0	67480.0	33848.0	1.0	47839.0	70051.0	35065.0	1.0	65915.0	15755.0	79419.0	64221.0	1.0	43276.0	35980.0	30827.0	40657.0	39199.0	53421.0	54617.0	52725.0	49206.0	37143.0
197.07784@1.1187757	2	145656.0	27523.0	78683.0	84417.0	1.0	28055.0	1.0	34450.0	69227.0	69614.0	93166.0	64190.0	134218.0	1.0	75654.0	51236.0	95023.0	51811.0	35196.0	40256.0	57516.0	1.0	73166.0	72854.0	60056.0	66447.0	62212.0	32474.0	68336.0	96790.0	39315.0	46394.0	155555.0	63976.0	1.0	33933.0	38022.0	40430.0	38736.0	39929.0	37923.0	38838.0	37262.0	35442.0
255.98875@1.1211474	2	1.0	259563.0	126561.0	126373.0	799185.0	245723.0	83267.0	141711.0	359611.0	97719.0	141805.0	315234.0	116299.0	516981.0	1.0	283379.0	135975.0	316526.0	154394.0	184534.0	146438.0	473028.0	179072.0	201188.0	99795.0	156220.0	93074.0	200542.0	172715.0	70543.0	386646.0	410899.0	51892.0	132242.0	220048.0	215874.0	218521.0	217206.0	223071.0	211974.0	219116.0	220032.0	225253.0	208523.0
197.03375@1.1243511	2	1.0	141674.0	95420.0	67164.0	96593.0	120422.0	55248.0	102772.0	100920.0	57874.0	71525.0	91398.0	65778.0	85181.0	1.0	39553.0	87444.0	109217.0	86588.0	96787.0	68617.0	90089.0	67716.0	75478.0	1.0	53988.0	67912.0	75118.0	65988.0	74553.0	116470.0	78173.0	1.0	78373.0	1.0	61947.0	64997.0	62698.0	65318.0	62417.0	66670.0	63069.0	62582.0	60345.0
161.84842@1.1552538	2	7390973.0	639265.0	3338731.0	5586664.0	1621484.0	1172336.0	4574618.0	1421207.0	1067605.0	4675555.0	5313199.0	2216627.0	5217354.0	2284495.0	6205146.0	4810059.0	4247636.0	2532122.0	1118220.0	1.0	2281207.0	1281604.0	3578725.0	2583801.0	5960830.0	3678364.0	5098069.0	2649840.0	4731917.0	5487955.0	1093714.0	486523.0	6126011.0	1906316.0	2434797.0	2708618.0	2796830.0	2620526.0	2703115.0	2374592.0	2330606.0	2155734.0	2761865.0	2338705.0
97.96698@1.1732706	1	2887082.0	1.0	4106268.0	2758746.0	6085672.0	3443603.0	1.0	3156597.0	3702765.0	1.0	3495158.0	3410699.0	2775327.0	9434832.0	1106109.0	4419486.0	3362615.0	5560608.0	2629942.0	1.0	2639942.0	6115827.0	2488637.0	2600871.0	6141417.0	1.0	2767163.0	1.0	2943383.0	1.0	3192450.0	5368376.0	1.0	3401335.0	3439178.0	3335913.0	3329204.0	3203364.0	3430283.0	3255291.0	3244666.0	3262724.0	3274730.0	3071234.0
166.04764@1.0755832	2	951004.0	561527.0	431917.0	1066211.0	331978.0	1098897.0	1.0	57210.0	1298766.0	770163.0	1.0	57062.0	1383374.0	45128.0	895834.0	953590.0	1680071.0	333848.0	572912.0	69971.0	640752.0	1801590.0	51363.0	1238086.0	1020730.0	85027.0	240975.0	853040.0	2360613.0	62964.0	53257.0	1272856.0	58185.0	125587.0	1679846.0	687866.0	146679.0	1744955.0	1.0	676548.0	147352.0	127413.0	149752.0	644831.0
265.99582@1.1988698	1	50093.0	39163.0	70288.0	42195.0	101538.0	49618.0	49186.0	49373.0	1.0	1.0	54771.0	55049.0	43670.0	139023.0	29776.0	81316.0	56831.0	96498.0	1.0	1.0	1.0	84329.0	1.0	1.0	116754.0	1.0	39472.0	35648.0	1.0	37202.0	1.0	70926.0	40328.0	55195.0	64536.0	56819.0	55622.0	57343.0	55732.0	54606.0	48860.0	50528.0	58312.0	59121.0
116.01043@1.2080653	2	759575.0	628636.0	98659.0	869614.0	325155.0	506521.0	1166837.0	654391.0	571724.0	1219408.0	583105.0	413762.0	1138940.0	716150.0	910050.0	742604.0	772522.0	694612.0	309563.0	155562.0	669722.0	477012.0	772695.0	920886.0	1.0	606993.0	974687.0	1.0	155572.0	801629.0	21141.0	938180.0	752306.0	58289.0	652975.0	537755.0	629252.0	710565.0	666580.0	650226.0	647503.0	636758.0	553827.0	523848.0
168.02815@1.2085453	2	5192489.0	2946067.0	5155505.0	3702295.0	6626670.0	3063245.0	4712764.0	4077779.0	2845704.0	2948216.0	4648249.0	3676741.0	4008816.0	4600436.0	3656794.0	5350648.0	4040304.0	7110015.0	2864642.0	3775090.0	2857286.0	6066711.0	4449117.0	4177731.0	7479457.0	3889369.0	3518511.0	3675150.0	3888654.0	3937111.0	4755994.0	4203064.0	5005062.0	5039340.0	5533895.0	4780567.0	4632286.0	4897289.0	5113650.0	5133912.0	5110009.0	5099357.0	4964253.0	4930950.0
344.05966@1.2087287	1	104698.0	55264.0	1.0	114404.0	41916.0	53310.0	191062.0	82236.0	67051.0	129576.0	93054.0	59756.0	164233.0	157200.0	104816.0	134787.0	146756.0	136435.0	26243.0	1.0	57050.0	63162.0	127315.0	87790.0	1.0	73372.0	127463.0	48864.0	1.0	123857.0	54968.0	129425.0	108917.0	1.0	112846.0	75366.0	91376.0	96613.0	84772.0	86585.0	78625.0	77212.0	87494.0	81582.0
72.02068@1.2058098	2	1.0	229965.0	105064.0	1.0	148531.0	181833.0	117835.0	1.0	175758.0	360053.0	212107.0	328417.0	254513.0	132336.0	274112.0	452111.0	226559.0	221575.0	138983.0	108814.0	278456.0	1.0	246620.0	337849.0	70451.0	217329.0	391117.0	1050107.0	133068.0	384031.0	157825.0	264978.0	1.0	82604.0	240381.0	213147.0	244776.0	239774.0	249254.0	242593.0	244944.0	226143.0	199523.0	203548.0
146.02058@1.2105803	2	2.0005492E7	2.6694648E7	110699.0	2.4489048E7	2.717411E7	2.666341E7	2.003735E7	2.4912742E7	2.61134E7	1.9074396E7	2.317074E7	2.6742278E7	2.348796E7	2.9106492E7	1.815594E7	2.0254524E7	2.4032004E7	2.468499E7	2.5470974E7	2.715041E7	2.3404366E7	2.9082896E7	2.3256388E7	1.886153E7	1.0	1.9141952E7	1.7875312E7	1.6624157E7	1.0	1.8225872E7	2.4333358E7	2.3897012E7	2.1905784E7	250835.0	2.124253E7	1.9466388E7	1.9830758E7	1.9699188E7	1.9405066E7	1.9143856E7	1.897067E7	1.8980366E7	1.9937714E7	2.0139422E7
188.04892@1.2104218	2	221307.0	197054.0	254255.0	198979.0	209800.0	243250.0	193029.0	158134.0	170084.0	143715.0	321501.0	229245.0	176342.0	182422.0	233865.0	203973.0	180649.0	227792.0	209294.0	247194.0	221271.0	167828.0	154776.0	226255.0	239588.0	250828.0	105087.0	156142.0	265577.0	163729.0	211219.0	204637.0	224419.0	303719.0	278666.0	250798.0	270502.0	266657.0	278620.0	264131.0	266169.0	272611.0	256087.0	258190.0
174.01582@1.2071898	2	543022.0	654212.0	907331.0	669679.0	807983.0	722745.0	73704.0	613386.0	742184.0	1.0	609164.0	714394.0	644847.0	950324.0	500583.0	742118.0	716663.0	739303.0	677868.0	739924.0	622585.0	795375.0	658196.0	501045.0	753055.0	541347.0	507842.0	380722.0	709033.0	521690.0	637133.0	668376.0	601483.0	801080.0	700897.0	607365.0	588379.0	1.0	550724.0	562842.0	552156.0	554065.0	673327.0	682281.0
88.01586@1.1930331	2	1876046.0	1595273.0	963401.0	1.0	6642551.0	1431737.0	2268916.0	86224.0	1353544.0	2050844.0	1762616.0	1216573.0	103284.0	1861392.0	1741748.0	1425239.0	1784766.0	1757799.0	8684873.0	3356826.0	1487659.0	1231464.0	1647665.0	137716.0	768699.0	1553594.0	1762831.0	734392.0	1654388.0	1712851.0	985351.0	1949930.0	1.0	542905.0	1896893.0	1605000.0	44053.0	1776078.0	1777001.0	1733238.0	1685440.0	1643509.0	1641144.0	1691414.0
382.03702@1.2135935	2	207119.0	137832.0	209445.0	220433.0	207856.0	173774.0	147386.0	193381.0	183891.0	155653.0	227782.0	185512.0	204904.0	180257.0	174813.0	180689.0	193078.0	222374.0	158114.0	181947.0	155118.0	208168.0	177966.0	160921.0	232515.0	160110.0	147330.0	173153.0	172398.0	154514.0	190310.0	196710.0	218787.0	172456.0	173303.0	144783.0	173377.0	172806.0	164768.0	175566.0	162262.0	158832.0	150109.0	147378.0
86.03617@1.211125	2	488001.0	762486.0	912074.0	716537.0	1028353.0	838931.0	580698.0	762037.0	1018644.0	640342.0	674505.0	518552.0	673077.0	784728.0	521868.0	621291.0	617217.0	775450.0	716429.0	735135.0	606392.0	801142.0	14967.0	455421.0	822970.0	488554.0	490442.0	456247.0	562630.0	475167.0	745667.0	715131.0	618309.0	706104.0	613156.0	555721.0	597496.0	603630.0	581255.0	577081.0	580985.0	582885.0	557235.0	558693.0
406.03555@1.2206192	2	67822.0	105772.0	144353.0	102356.0	101990.0	169938.0	1.0	96877.0	200401.0	68539.0	95516.0	154709.0	77425.0	70311.0	65474.0	58227.0	79870.0	58504.0	190940.0	174873.0	108347.0	90938.0	65096.0	55428.0	101083.0	64311.0	57316.0	112228.0	121683.0	53230.0	97365.0	74882.0	67531.0	102799.0	54508.0	48818.0	55871.0	56644.0	54078.0	52978.0	53319.0	52885.0	50912.0	47349.0
390.04068@1.2204034	2	52973.0	47077.0	1.0	92186.0	1.0	47833.0	71420.0	50659.0	67894.0	112116.0	49461.0	42528.0	109350.0	52836.0	74794.0	50599.0	78777.0	32705.0	28071.0	1.0	58906.0	19749.0	58133.0	46618.0	1.0	49150.0	79311.0	36278.0	12250.0	66932.0	30363.0	57301.0	55184.0	1.0	38278.0	28473.0	41258.0	38594.0	36022.0	33634.0	31338.0	32014.0	31676.0	29368.0
202.04436@1.2360343	2	47705.0	51405.0	56275.0	71058.0	1.0	43471.0	65776.0	26766.0	1.0	47785.0	47783.0	64246.0	37537.0	46380.0	100273.0	98865.0	55141.0	67400.0	58561.0	39057.0	88075.0	64140.0	63903.0	92135.0	78376.0	99479.0	54224.0	71404.0	118817.0	69138.0	58133.0	66278.0	56595.0	81739.0	76033.0	69098.0	80730.0	64636.0	72961.0	57905.0	76940.0	51048.0	71557.0	76450.0
148.03654@1.2326405	2	323512.0	2310181.0	5342606.0	907201.0	4193560.0	2186252.0	115757.0	3255348.0	5873421.0	1418332.0	1806818.0	1733673.0	17271.0	435814.0	498474.0	293813.0	86238.0	106874.0	1225301.0	3447031.0	106041.0	303582.0	505716.0	1590265.0	18894.0	63871.0	105996.0	1425112.0	258226.0	44365.0	3396846.0	123996.0	414242.0	136676.0	481099.0	373717.0	444937.0	348806.0	95441.0	338142.0	357334.0	109890.0	375129.0	103123.0
275.04453@1.2549149	1	22755.0	1.0	1.0	16987.0	9746.0	12885.0	14143.0	13552.0	1.0	13733.0	16024.0	1.0	18132.0	1.0	26051.0	15001.0	17366.0	15395.0	15499.0	15322.0	19457.0	15598.0	1.0	17167.0	1.0	20618.0	17660.0	13769.0	19909.0	1.0	13224.0	14171.0	21719.0	16603.0	20790.0	17020.0	1.0	16546.0	16873.0	17259.0	17733.0	13319.0	15313.0	15870.0
104.04662@1.2642262	1	119695.0	151296.0	253090.0	105745.0	157763.0	132311.0	58547.0	185407.0	1.0	75989.0	103910.0	219374.0	122311.0	160616.0	69180.0	91197.0	61162.0	104995.0	111579.0	152474.0	34120.0	102693.0	98159.0	122084.0	1.0	79477.0	29585.0	147905.0	1.0	76135.0	1.0	1.0	135729.0	196423.0	126275.0	1.0	120457.0	12158.0	90063.0	1.0	64477.0	39435.0	137177.0	132373.0
74.03585@1.2598388	2	309997.0	269147.0	368357.0	294630.0	365977.0	295615.0	256727.0	193584.0	240202.0	264155.0	380216.0	268102.0	269555.0	341662.0	243001.0	244592.0	320794.0	316271.0	338752.0	131031.0	271736.0	259419.0	338841.0	1.0	1.0	309008.0	174572.0	222716.0	247611.0	305459.0	227234.0	252954.0	230020.0	288062.0	266143.0	159997.0	243356.0	141238.0	249228.0	196209.0	225124.0	232357.0	207114.0	218936.0
258.08405@1.2593874	2	74783.0	51078.0	31067.0	79782.0	20467.0	26970.0	32927.0	27909.0	14990.0	41591.0	26681.0	56015.0	46538.0	35259.0	71898.0	61008.0	52562.0	25699.0	1.0	28714.0	68885.0	54426.0	76128.0	58622.0	75759.0	70570.0	52702.0	54818.0	87756.0	58194.0	1.0	35284.0	79107.0	82121.0	62492.0	51485.0	53361.0	56867.0	59050.0	56039.0	55825.0	53685.0	54071.0	52797.0
220.98982@1.2625834	1	67388.0	43087.0	1.0	46456.0	1.0	1.0	24837.0	1.0	1.0	24907.0	1.0	1.0	34508.0	1.0	62052.0	35927.0	35277.0	1.0	24900.0	1.0	44298.0	33107.0	50241.0	37308.0	1.0	59331.0	47674.0	28813.0	63768.0	12556.0	28663.0	1.0	61907.0	14168.0	31037.0	32114.0	30704.0	1.0	31827.0	39360.0	37513.0	32940.0	29010.0	29311.0
166.04738@1.2489336	2	84490.0	91309.0	1.0	63080.0	150881.0	587273.0	1.0	47675.0	29658.0	46217.0	226091.0	56348.0	89046.0	36753.0	58896.0	172499.0	48670.0	60557.0	1.0	344276.0	174515.0	214733.0	47280.0	107903.0	245293.0	100046.0	66317.0	1.0	153615.0	108062.0	106901.0	108650.0	126270.0	550004.0	256755.0	212769.0	239566.0	215627.0	139799.0	125249.0	135752.0	173348.0	162053.0	496979.0
179.92754@1.5504581	2	335539.0	207154.0	237103.0	253881.0	118543.0	1.0	1.0	230948.0	235573.0	115972.0	1.0	158874.0	289620.0	117047.0	313042.0	235118.0	230551.0	60526.0	194722.0	1.0	233591.0	252486.0	157407.0	205918.0	116743.0	221056.0	219642.0	246389.0	165754.0	218354.0	175413.0	1.0	316770.0	235727.0	245500.0	177086.0	234152.0	194344.0	183337.0	205798.0	203713.0	170095.0	182388.0	142420.0
233.06628@3.0713394	2	144718.0	238344.0	174033.0	195819.0	147676.0	125468.0	120218.0	190575.0	135164.0	121090.0	1.0	156129.0	109259.0	156035.0	140700.0	1.0	143262.0	117546.0	159342.0	106943.0	1.0	177783.0	181245.0	186182.0	17360.0	170048.0	103824.0	60416.0	168211.0	139098.0	1.0	155729.0	164764.0	154154.0	127662.0	105238.0	95482.0	114474.0	1.0	106716.0	83691.0	123982.0	90097.0	131937.0
420.05338@3.066456	2	200131.0	1.0	1.0	346580.0	165354.0	130423.0	138407.0	1.0	97029.0	124696.0	118222.0	126375.0	141774.0	238156.0	249222.0	40557.0	184591.0	68727.0	130559.0	172311.0	1.0	168009.0	155865.0	130925.0	127874.0	168484.0	181497.0	114601.0	139040.0	1.0	168417.0	161176.0	261033.0	136205.0	124774.0	111886.0	87505.0	68035.0	130025.0	1.0	96995.0	80615.0	1.0	99655.0
165.07896@3.0731997	1	308020.0	548682.0	150130.0	482334.0	256603.0	232497.0	247690.0	530470.0	216763.0	1.0	335371.0	331602.0	332602.0	385344.0	380747.0	266096.0	1.0	272351.0	164836.0	324117.0	372342.0	333187.0	401455.0	504353.0	376344.0	340815.0	291886.0	1.0	447028.0	1.0	1.0	351116.0	433660.0	1.0	269703.0	285002.0	251583.0	287162.0	1.0	140914.0	300953.0	261917.0	237038.0	233411.0
205.13168@3.1294348	1	58645.0	76437.0	229714.0	1.0	1.0	161279.0	93334.0	63841.0	46274.0	1.6921244E7	1.0	1.0	9075951.0	71543.0	65800.0	3.087074E7	4755293.0	8708005.0	1761797.0	1.0	1.0487804E7	254412.0	9941940.0	4.8116704E7	3.0244962E7	1.0903019E7	38641.0	2.473948E7	1.0	4184557.0	29132.0	1.4405346E7	1.0	109775.0	2.3381262E7	2.2799574E7	2.0622564E7	2.2880964E7	2.3250672E7	2.0933276E7	2.3026528E7	1.694403E7	2.0386298E7	2.342023E7
219.11069@3.231375	2	157540.0	345817.0	226751.0	231011.0	103778.0	133326.0	216395.0	200391.0	99895.0	261701.0	521318.0	135316.0	127406.0	268928.0	199501.0	146421.0	246944.0	398793.0	207808.0	166398.0	141123.0	227073.0	126743.0	229504.0	144267.0	143244.0	175252.0	111651.0	245190.0	160467.0	199217.0	313364.0	217457.0	308547.0	135046.0	132208.0	150340.0	142027.0	152813.0	137598.0	147449.0	143683.0	134488.0	137700.0
290.95148@3.12032	1	59227.0	1168579.0	927751.0	1100283.0	794021.0	32510.0	683960.0	1.0	1.0	34481.0	1.0	449302.0	478072.0	931488.0	19622.0	1.0	498539.0	53564.0	1.0	17453.0	1.0	28894.0	317874.0	168003.0	31302.0	336297.0	785246.0	15902.0	90810.0	265868.0	911833.0	222069.0	1083729.0	744599.0	187996.0	218784.0	43740.0	1.0	23087.0	23491.0	271651.0	135743.0	188238.0	1.0
122.03681@3.3104343	1	766331.0	1.0	178960.0	174985.0	313809.0	485997.0	238114.0	178849.0	90265.0	76937.0	502081.0	1.0	48089.0	44337.0	1.0	122155.0	199813.0	168902.0	85673.0	501943.0	1.0	86096.0	1.0	341172.0	1.0	1.0	1.0	96222.0	171223.0	1.0	252384.0	56792.0	517867.0	89900.0	56334.0	61654.0	60517.0	57865.0	55028.0	1.0	1.0	60815.0	62747.0	63464.0
207.95947@3.6513932	2	148996.0	100784.0	277520.0	102564.0	124554.0	126668.0	121138.0	97290.0	125750.0	1.0	105079.0	99427.0	85608.0	166792.0	117509.0	107272.0	95405.0	231051.0	110557.0	1.0	118386.0	145576.0	136107.0	102909.0	161166.0	71881.0	78632.0	116415.0	141233.0	108444.0	96593.0	135586.0	88629.0	122762.0	113909.0	107462.0	120302.0	114260.0	118267.0	117009.0	85808.0	115345.0	98644.0	108254.0
258.10794@3.6576273	2	65663.0	31626.0	168630.0	36052.0	48516.0	46978.0	53243.0	35317.0	52860.0	18066.0	1.0	36359.0	27273.0	95753.0	46809.0	36108.0	32348.0	153670.0	33893.0	27338.0	48686.0	66732.0	74465.0	32765.0	78287.0	1.0	1.0	37631.0	37832.0	31991.0	37606.0	56873.0	27310.0	38848.0	35262.0	36727.0	34400.0	36132.0	35180.0	36955.0	36023.0	35375.0	33595.0	37882.0
72.05776@3.661484	2	1560398.0	908439.0	3445706.0	1124043.0	1101436.0	1151830.0	1341105.0	1007125.0	1105302.0	729774.0	1088423.0	1182135.0	851153.0	2296834.0	1127584.0	1088263.0	1143765.0	2707560.0	894839.0	1053099.0	1237396.0	1466168.0	1992749.0	1122969.0	1606404.0	653191.0	678939.0	998332.0	1172236.0	920711.0	1080516.0	1256345.0	901019.0	1128013.0	1111473.0	977399.0	926206.0	910267.0	918013.0	895787.0	885823.0	894349.0	1019901.0	1078977.0
376.07123@3.665267	2	22363.0	10635.0	26590.0	13595.0	10256.0	15588.0	14653.0	9770.0	14316.0	1.0	10185.0	10060.0	6947.0	18894.0	11003.0	9872.0	11062.0	27236.0	13660.0	9645.0	11803.0	18073.0	16582.0	10432.0	17658.0	9531.0	1.0	11666.0	11067.0	9808.0	9282.0	14433.0	11749.0	9722.0	11188.0	8464.0	9341.0	13092.0	12587.0	12982.0	12511.0	10106.0	8294.0	10832.0
344.13422@3.670206	2	40628.0	24336.0	53697.0	28879.0	26943.0	24577.0	29140.0	25122.0	24063.0	20570.0	28057.0	23300.0	24391.0	44382.0	28665.0	25233.0	25133.0	50529.0	23562.0	23103.0	27691.0	32011.0	40324.0	24383.0	33883.0	18539.0	17309.0	25519.0	28984.0	24161.0	27468.0	28427.0	23499.0	28580.0	23305.0	21604.0	1.0	22044.0	22781.0	21127.0	21199.0	21991.0	20072.0	20858.0
346.1111@3.670258	2	28658.0	17004.0	21079.0	20312.0	19298.0	20906.0	18425.0	15023.0	15010.0	13734.0	17522.0	15080.0	14958.0	18092.0	19116.0	14045.0	17812.0	21589.0	13373.0	14755.0	21629.0	23445.0	30517.0	14569.0	21487.0	1.0	12500.0	13664.0	17404.0	13247.0	19820.0	17781.0	18269.0	15810.0	16167.0	14665.0	12865.0	13724.0	13829.0	13127.0	14560.0	13695.0	14497.0	14271.0
391.02267@3.6835964	2	23462.0	21904.0	22490.0	28678.0	18251.0	17684.0	19488.0	22704.0	15387.0	1.0	1.0	17768.0	23538.0	22250.0	20204.0	20090.0	28488.0	18641.0	18348.0	22100.0	19654.0	16393.0	24532.0	18878.0	18926.0	25144.0	20186.0	18293.0	20596.0	23714.0	27420.0	16798.0	28793.0	21789.0	16511.0	15792.0	15584.0	15337.0	15146.0	15440.0	14577.0	16043.0	13280.0	15591.0
650.21545@3.6823905	2	24878.0	25279.0	26241.0	45058.0	17124.0	17946.0	22179.0	27980.0	14120.0	39912.0	32626.0	20930.0	27788.0	26263.0	20983.0	17729.0	48370.0	22248.0	18406.0	27015.0	22082.0	15410.0	43682.0	22982.0	18665.0	28327.0	19821.0	16959.0	22524.0	29667.0	37157.0	19073.0	38912.0	20254.0	13924.0	12605.0	13063.0	13769.0	14229.0	13633.0	15563.0	13403.0	14070.0	13915.0
666.1882@3.6821253	2	92035.0	90811.0	93270.0	144611.0	58049.0	54554.0	79190.0	90459.0	41038.0	136043.0	109036.0	58352.0	89717.0	91574.0	70640.0	63296.0	133479.0	76398.0	62607.0	87964.0	80881.0	52718.0	121650.0	68353.0	61704.0	91650.0	59361.0	64380.0	72063.0	99557.0	127278.0	60452.0	129674.0	75081.0	49382.0	42226.0	46737.0	48419.0	47981.0	47376.0	43931.0	45439.0	42052.0	44176.0
950.2181@3.6823754	2	30457.0	28117.0	31226.0	38471.0	17055.0	14298.0	22328.0	28529.0	10680.0	37135.0	27887.0	17354.0	28397.0	28560.0	20576.0	21329.0	37149.0	21899.0	18896.0	23908.0	23577.0	16624.0	36887.0	20747.0	17435.0	29303.0	21543.0	19342.0	22257.0	32964.0	35270.0	22115.0	38470.0	26305.0	13684.0	12051.0	13524.0	14381.0	13163.0	14417.0	12305.0	15954.0	13495.0	14704.0
446.1315@3.682516	2	71573.0	66570.0	70859.0	111113.0	47622.0	42634.0	62087.0	70283.0	27959.0	98779.0	81539.0	42112.0	67212.0	65527.0	51115.0	49704.0	101025.0	59707.0	46870.0	68684.0	60718.0	38606.0	94086.0	56051.0	43562.0	71669.0	44225.0	51175.0	55077.0	74065.0	94378.0	41227.0	101764.0	53204.0	29337.0	26437.0	32306.0	29381.0	36460.0	35177.0	28825.0	30926.0	28978.0	31825.0
656.2323@3.6827667	2	41515.0	41057.0	41521.0	61109.0	25849.0	25803.0	32314.0	41720.0	17497.0	59215.0	49321.0	26972.0	40667.0	41091.0	33722.0	32395.0	57512.0	31790.0	31239.0	37852.0	34035.0	21545.0	54971.0	34499.0	27317.0	41764.0	29629.0	29244.0	33135.0	46032.0	54632.0	26440.0	59638.0	37055.0	22017.0	19976.0	23033.0	22051.0	22802.0	21698.0	21619.0	23052.0	18098.0	21965.0
204.09023@3.6827037	2	933149.0	986219.0	974323.0	1398591.0	742271.0	698400.0	905987.0	970974.0	586654.0	1298297.0	1130518.0	755857.0	965510.0	965186.0	804991.0	775036.0	1358194.0	852905.0	763313.0	998372.0	882548.0	666417.0	1271461.0	828876.0	742426.0	1043557.0	760327.0	773116.0	825586.0	1062968.0	1253781.0	744161.0	1293342.0	881021.0	641127.0	607968.0	646540.0	649245.0	639383.0	635429.0	613662.0	624471.0	600772.0	629069.0
462.09824@3.6826568	2	270210.0	267622.0	268541.0	347254.0	200907.0	183182.0	226708.0	238822.0	158118.0	328987.0	291557.0	195454.0	262366.0	247727.0	227825.0	210185.0	326364.0	242572.0	211274.0	246062.0	242517.0	191378.0	305258.0	211456.0	205523.0	269856.0	208009.0	226373.0	221879.0	272655.0	300780.0	198720.0	334692.0	228163.0	174651.0	153407.0	184027.0	185061.0	181551.0	176019.0	164135.0	174163.0	160786.0	164623.0
430.16138@3.682782	2	255154.0	285242.0	256662.0	383876.0	191346.0	177686.0	239832.0	266934.0	158288.0	373188.0	316829.0	192992.0	264795.0	264911.0	224538.0	213047.0	367908.0	223940.0	207106.0	261523.0	237959.0	169686.0	338893.0	227042.0	210646.0	282008.0	204978.0	211325.0	227953.0	293208.0	345877.0	203595.0	366452.0	240579.0	159517.0	159318.0	164770.0	167990.0	170410.0	162491.0	154481.0	168437.0	146587.0	157993.0
672.2002@3.6828363	2	38698.0	41240.0	40294.0	58368.0	25665.0	27403.0	24986.0	1.0	21912.0	1.0	48335.0	26997.0	29067.0	22974.0	22804.0	26747.0	1.0	24815.0	33413.0	1.0	25539.0	14349.0	55198.0	24991.0	27797.0	1.0	25757.0	17086.0	34381.0	44700.0	51943.0	28416.0	1.0	22697.0	18438.0	1.0	16658.0	22203.0	21190.0	18724.0	18843.0	15041.0	20385.0	19278.0
682.2327@3.6829617	2	19667.0	22633.0	16221.0	36065.0	13070.0	13553.0	26286.0	1.0	8837.0	1.0	25322.0	13330.0	32722.0	18854.0	15870.0	12165.0	1.0	24325.0	13705.0	1.0	19303.0	17426.0	27605.0	26669.0	12715.0	1.0	15298.0	12451.0	16008.0	19115.0	31448.0	13455.0	1.0	21080.0	10944.0	9127.0	9056.0	9649.0	9541.0	9850.0	10233.0	8692.0	1.0	9106.0
226.07185@3.684641	2	748276.0	755676.0	715958.0	925521.0	606430.0	598433.0	674514.0	756040.0	547117.0	908940.0	812225.0	604589.0	756101.0	698329.0	683573.0	672636.0	842364.0	646973.0	672894.0	707839.0	689341.0	591458.0	814776.0	661809.0	604598.0	522490.0	677237.0	687531.0	687490.0	727266.0	849292.0	628466.0	896483.0	723703.0	580106.0	545087.0	603293.0	595056.0	592845.0	589936.0	558789.0	584470.0	557274.0	563502.0
492.13156@3.6836033	2	36454.0	33946.0	31557.0	48270.0	30367.0	32091.0	33134.0	37974.0	27062.0	47586.0	42979.0	32622.0	36077.0	33469.0	32091.0	26821.0	46333.0	32232.0	30804.0	35601.0	33338.0	26514.0	44964.0	34934.0	27943.0	39017.0	32795.0	26844.0	31609.0	39891.0	45216.0	27996.0	46999.0	29932.0	23847.0	25683.0	25088.0	24522.0	25560.0	26454.0	27669.0	24229.0	26431.0	24560.0
288.0435@3.6891313	2	113489.0	115124.0	83904.0	129982.0	101955.0	49493.0	83756.0	112582.0	106932.0	98877.0	106511.0	68531.0	77688.0	74563.0	99803.0	58319.0	1.0	94010.0	70310.0	90655.0	108386.0	89550.0	95620.0	43038.0	84590.0	1.0	113202.0	61757.0	94662.0	100215.0	102119.0	100216.0	113532.0	87369.0	37818.0	90694.0	86543.0	50525.0	98482.0	102428.0	111991.0	47518.0	97861.0	101950.0
292.0632@3.688242	2	21735.0	20273.0	12058.0	25041.0	17658.0	23359.0	19169.0	21003.0	17843.0	1.0	21375.0	18626.0	22600.0	18023.0	20408.0	14469.0	22719.0	18109.0	19117.0	19710.0	20292.0	1.0	19635.0	18877.0	18481.0	22875.0	21632.0	17069.0	19877.0	18190.0	21869.0	17050.0	1.0	18059.0	21758.0	1.0	15890.0	18140.0	19262.0	20397.0	17951.0	16047.0	1.0	19262.0
304.01416@3.6898768	2	1.0	1.0	105100.0	106082.0	59796.0	90029.0	86142.0	92957.0	84716.0	60221.0	95948.0	82649.0	102637.0	118252.0	139118.0	87163.0	93502.0	119357.0	98285.0	1.0	90443.0	89676.0	1.0	83477.0	121665.0	100332.0	92248.0	95455.0	89555.0	98068.0	98631.0	1.0	105622.0	92316.0	97390.0	78554.0	89287.0	90106.0	93970.0	88691.0	91667.0	86422.0	81913.0	82819.0
293.98553@3.6881056	2	54653.0	77060.0	233665.0	1.0	213813.0	65538.0	42487.0	66967.0	194865.0	30468.0	49288.0	242362.0	64550.0	222497.0	224884.0	250138.0	1.0	232546.0	258411.0	1.0	62790.0	50946.0	250600.0	240654.0	211468.0	288143.0	253524.0	259243.0	55566.0	67378.0	253990.0	205631.0	1.0	48957.0	64939.0	177796.0	260379.0	249007.0	73413.0	245314.0	67787.0	242014.0	59498.0	239702.0
189.9936@3.7099204	2	52769.0	92582.0	31548.0	202335.0	270592.0	108818.0	76959.0	140773.0	49085.0	167571.0	214149.0	66249.0	384933.0	134529.0	100032.0	104989.0	186851.0	417305.0	64342.0	60152.0	105383.0	180960.0	112603.0	264729.0	590283.0	146962.0	292329.0	27998.0	71942.0	166620.0	66615.0	891376.0	63280.0	90365.0	215259.0	184280.0	202676.0	208066.0	203643.0	203631.0	196413.0	197223.0	187735.0	184260.0
173.99867@3.900725	2	31866.0	93318.0	166479.0	107346.0	258995.0	107323.0	176134.0	69412.0	408623.0	565232.0	114612.0	118239.0	74295.0	189904.0	42524.0	1773755.0	865234.0	84984.0	405679.0	1.0	114667.0	254377.0	206010.0	149882.0	190490.0	32516.0	102357.0	173117.0	60305.0	89411.0	701758.0	176112.0	555847.0	152327.0	294452.0	261720.0	285388.0	287746.0	271708.0	271729.0	272732.0	263455.0	264770.0	278633.0
371.1211@3.940364	2	47179.0	76503.0	77205.0	1.0	34477.0	46952.0	1.0	30202.0	62423.0	60790.0	58110.0	54238.0	36304.0	56874.0	36087.0	39940.0	39869.0	27526.0	30224.0	1.0	63190.0	71744.0	37321.0	1.0	71055.0	39695.0	19410.0	62086.0	43988.0	18555.0	39139.0	44345.0	82901.0	22265.0	35096.0	30994.0	34745.0	32996.0	32935.0	36081.0	31913.0	31930.0	34063.0	32208.0
213.00948@4.1600327	2	16320.0	38136.0	64048.0	40460.0	1632709.0	1.0	26050.0	27293.0	81129.0	43193.0	32382.0	104746.0	65598.0	48653.0	17929.0	153414.0	38497.0	141493.0	74402.0	1.0	16154.0	490344.0	85093.0	35575.0	749312.0	91123.0	49154.0	26073.0	26110.0	32328.0	48732.0	47090.0	23248.0	38388.0	89231.0	77143.0	85983.0	88005.0	85142.0	83722.0	80913.0	80142.0	79638.0	82976.0
264.11096@4.161609	2	290806.0	96826.0	230687.0	167260.0	767060.0	175474.0	193569.0	178999.0	436933.0	192778.0	163331.0	234791.0	359627.0	200546.0	168738.0	414455.0	180184.0	469198.0	191052.0	129894.0	110325.0	970038.0	207006.0	301081.0	1329369.0	235751.0	179514.0	146802.0	184992.0	118291.0	136669.0	113423.0	148495.0	176888.0	338184.0	313292.0	326377.0	341752.0	330214.0	329087.0	319845.0	331185.0	330741.0	331463.0
354.0062@4.1616545	2	19107.0	1.0	14099.0	10170.0	37041.0	9608.0	10733.0	10898.0	35989.0	11306.0	9334.0	12137.0	26353.0	11323.0	13110.0	35770.0	8993.0	25318.0	12426.0	7553.0	6079.0	84894.0	13276.0	21058.0	121044.0	14327.0	12288.0	8445.0	10898.0	5738.0	7632.0	1.0	8532.0	10249.0	23533.0	12051.0	24100.0	22781.0	28559.0	22269.0	21688.0	21257.0	20719.0	18332.0
179.05827@4.234327	2	56921.0	73538.0	104286.0	70554.0	210089.0	152647.0	1.0	127024.0	92799.0	51738.0	131996.0	130762.0	188456.0	77097.0	80649.0	55383.0	253262.0	384087.0	1.0	80038.0	81848.0	166445.0	57397.0	321370.0	730744.0	99063.0	191427.0	40954.0	108915.0	93808.0	36363.0	505566.0	56700.0	86024.0	105530.0	100355.0	99366.0	100143.0	100833.0	100489.0	97724.0	95338.0	106175.0	104318.0
696.5144@4.31439	2	116281.0	98569.0	134249.0	113790.0	86290.0	125011.0	142654.0	70465.0	125209.0	96628.0	119319.0	272538.0	88425.0	97953.0	98195.0	114613.0	100740.0	144850.0	107949.0	85855.0	119301.0	109792.0	98150.0	105529.0	123045.0	107466.0	172206.0	127496.0	258111.0	98970.0	99302.0	115804.0	127090.0	194503.0	51487.0	47449.0	50509.0	53838.0	53778.0	49401.0	51234.0	48011.0	49435.0	51504.0
922.6821@4.523109	2	37247.0	36705.0	46461.0	44183.0	27876.0	38655.0	41185.0	23844.0	46541.0	36987.0	44429.0	88629.0	32287.0	32751.0	34692.0	43126.0	35230.0	42322.0	40274.0	28625.0	42181.0	42891.0	34571.0	37190.0	41755.0	41537.0	49328.0	50279.0	75709.0	35056.0	40091.0	34880.0	39835.0	59845.0	20180.0	18707.0	18597.0	17869.0	17519.0	18283.0	19835.0	16940.0	17547.0	16711.0
188.01431@4.5921135	2	638974.0	171252.0	1.0	303545.0	1635595.0	354203.0	424622.0	206483.0	653860.0	380707.0	492590.0	299821.0	493437.0	552121.0	295401.0	998614.0	85464.0	1610380.0	420561.0	256039.0	239336.0	2223286.0	308127.0	280350.0	3531159.0	263467.0	225681.0	253436.0	276522.0	221141.0	1.0	398735.0	374360.0	223257.0	682685.0	608003.0	687751.0	690858.0	675662.0	670401.0	672444.0	648758.0	638084.0	644082.0
598.39325@4.7391887	2	61198.0	58267.0	69256.0	64748.0	43693.0	64310.0	72616.0	36545.0	67585.0	51773.0	59884.0	126305.0	52883.0	53296.0	50085.0	63454.0	56732.0	74723.0	62676.0	47392.0	60053.0	54562.0	56751.0	60158.0	76804.0	61316.0	80326.0	66560.0	115692.0	51527.0	54880.0	60962.0	61734.0	84350.0	34925.0	25544.0	32463.0	33327.0	32415.0	32103.0	31932.0	30584.0	33067.0	31866.0
831.5052@4.7642975	2	20008.0	18280.0	19702.0	20366.0	16184.0	21936.0	22936.0	11806.0	19317.0	16216.0	19726.0	31293.0	17688.0	15619.0	18449.0	21042.0	17263.0	23690.0	18240.0	13828.0	21713.0	17717.0	16174.0	18728.0	17441.0	19443.0	22792.0	17443.0	30878.0	17812.0	19270.0	19791.0	21630.0	25281.0	10734.0	7651.0	9169.0	8282.0	10858.0	10177.0	7900.0	8224.0	1.0	9231.0
796.43933@4.7648015	2	37089.0	32333.0	22930.0	36233.0	23015.0	36272.0	27435.0	18008.0	25871.0	25123.0	24706.0	30367.0	34226.0	20236.0	24988.0	21865.0	22297.0	25950.0	24374.0	16042.0	31241.0	34879.0	21374.0	21525.0	25979.0	23768.0	28480.0	23182.0	30168.0	22179.0	26280.0	23688.0	28136.0	23745.0	24365.0	12265.0	18492.0	17929.0	17322.0	15218.0	12574.0	13395.0	12803.0	12746.0
758.42914@4.765542	2	29704.0	25917.0	32110.0	27184.0	22864.0	25104.0	24605.0	1.0	25865.0	26897.0	28547.0	1.0	25386.0	19634.0	22584.0	25640.0	27705.0	29802.0	23909.0	25354.0	27788.0	23568.0	25877.0	24888.0	26827.0	29981.0	26006.0	1.0	28335.0	1.0	27116.0	28739.0	30009.0	25554.0	23412.0	19284.0	19160.0	23251.0	23588.0	22858.0	19572.0	21356.0	22372.0	1.0
824.56134@4.921922	2	30707.0	30831.0	38558.0	37178.0	25175.0	35514.0	42358.0	22345.0	38575.0	33947.0	32551.0	72117.0	30690.0	28863.0	28054.0	33663.0	30860.0	42253.0	37814.0	28494.0	29867.0	37876.0	31708.0	32198.0	37772.0	34206.0	42978.0	32780.0	66726.0	31993.0	29327.0	33310.0	33626.0	52514.0	14763.0	13840.0	15068.0	15599.0	15561.0	15940.0	16197.0	14517.0	14374.0	15224.0
963.654@4.9435973	2	18103.0	13431.0	17704.0	22926.0	12169.0	16234.0	14223.0	10812.0	19289.0	13609.0	13882.0	23575.0	12376.0	14211.0	12814.0	14796.0	11108.0	15720.0	14866.0	11151.0	13520.0	16138.0	11433.0	12249.0	17581.0	14147.0	18743.0	15105.0	22389.0	12044.0	14033.0	15232.0	15929.0	20546.0	7966.0	1.0	7319.0	8101.0	9460.0	1.0	7633.0	6554.0	6965.0	6311.0
904.6727@4.9430156	2	605800.0	484042.0	563117.0	647213.0	411289.0	571960.0	566069.0	385076.0	594369.0	529613.0	597781.0	1026628.0	479070.0	535439.0	500261.0	572221.0	436922.0	618090.0	604063.0	422398.0	467252.0	581454.0	450799.0	511893.0	515396.0	542327.0	676721.0	537602.0	878440.0	486069.0	521466.0	484778.0	570429.0	802823.0	313512.0	258659.0	304029.0	299989.0	302058.0	287949.0	275591.0	273835.0	263780.0	268267.0
998.60657@4.943984	2	18947.0	16069.0	18643.0	21245.0	15612.0	16887.0	17707.0	15107.0	17862.0	17353.0	17556.0	24269.0	15390.0	15965.0	16677.0	17792.0	16176.0	19924.0	20313.0	14623.0	16373.0	19247.0	16757.0	18606.0	14827.0	17975.0	20773.0	16034.0	24088.0	15881.0	17237.0	16400.0	19583.0	20896.0	10469.0	9003.0	9960.0	10392.0	10608.0	11866.0	10306.0	10733.0	9765.0	11140.0
210.08682@5.1658163	2	99060.0	85345.0	100192.0	57566.0	76388.0	238390.0	92425.0	54539.0	59168.0	78253.0	88608.0	60151.0	54841.0	61106.0	73033.0	129779.0	65244.0	79896.0	42003.0	64988.0	41860.0	33937.0	62571.0	51466.0	104377.0	36086.0	64581.0	152905.0	73697.0	111481.0	85419.0	41234.0	212391.0	190194.0	67154.0	75898.0	72235.0	83423.0	84949.0	75810.0	78116.0	81020.0	71954.0	77679.0
232.0848@5.533352	1	39939.0	1.0	127751.0	1.0	1.0	30479.0	1.0	1.0	26886.0	67699.0	56412.0	40103.0	1.0	1.0	25925.0	41699.0	58812.0	35891.0	36290.0	81751.0	55034.0	1.0	40209.0	1.0	1.0	44176.0	36292.0	46684.0	40061.0	41683.0	42196.0	53145.0	37768.0	63543.0	74595.0	56996.0	69245.0	72247.0	71579.0	69537.0	69430.0	68892.0	64086.0	66337.0
386.2175@5.7140627	2	79693.0	80116.0	85990.0	84107.0	31308.0	77402.0	33555.0	58811.0	83847.0	57780.0	75188.0	117230.0	60309.0	61523.0	98325.0	48679.0	13008.0	40134.0	107015.0	79782.0	83019.0	85776.0	75801.0	73920.0	42475.0	78804.0	90229.0	36323.0	77482.0	89741.0	74675.0	87429.0	142863.0	136261.0	66196.0	53105.0	62781.0	60809.0	62062.0	65169.0	58274.0	61428.0	62472.0	62587.0
146.06902@5.7142596	1	50581.0	1.0	49695.0	48523.0	1.0	46872.0	1.0	1.0	41410.0	1.0	42750.0	60356.0	31552.0	38872.0	57538.0	29366.0	1.0	22562.0	62965.0	45739.0	49535.0	52288.0	44433.0	1.0	1.0	48797.0	51109.0	1.0	50746.0	45946.0	45299.0	48150.0	77282.0	78823.0	39363.0	34919.0	35257.0	38941.0	34313.0	38675.0	34437.0	37848.0	37524.0	39251.0
182.98122@6.2657228	2	62839.0	131404.0	113740.0	134453.0	1.0	136514.0	214542.0	240554.0	114450.0	105294.0	119521.0	171051.0	1.0	1.0	130680.0	94239.0	159759.0	279379.0	89217.0	174262.0	96041.0	117047.0	114483.0	103183.0	78797.0	101270.0	145378.0	94381.0	107630.0	277139.0	99223.0	178037.0	319856.0	113771.0	692449.0	486336.0	665212.0	627840.0	612211.0	619392.0	565472.0	586601.0	496340.0	523009.0
368.21945@6.505019	1	18059.0	17978.0	1.0	43135.0	1.0	20992.0	39942.0	21859.0	30974.0	37230.0	25447.0	50985.0	49619.0	38824.0	52052.0	15013.0	47960.0	24739.0	19423.0	1.0	13258.0	15196.0	41255.0	28792.0	1.0	12166.0	62491.0	1.0	1.0	42045.0	1.0	67276.0	42429.0	1.0	37539.0	37456.0	38510.0	40493.0	37763.0	37725.0	40070.0	38114.0	37615.0	39856.0
341.9949@7.010785	1	12823.0	11946.0	10943.0	13191.0	11351.0	12502.0	9769.0	10603.0	10378.0	1.0	12760.0	10934.0	13789.0	10562.0	10759.0	9951.0	12634.0	12769.0	11260.0	1.0	11635.0	1.0	1.0	11945.0	11884.0	12215.0	1.0	11652.0	11624.0	10491.0	12377.0	10673.0	11776.0	10658.0	12741.0	10327.0	9473.0	12639.0	11662.0	10373.0	12252.0	12518.0	10433.0	12035.0
425.04523@7.390714	2	23449.0	19533.0	19973.0	20438.0	18290.0	19950.0	17309.0	1.0	1.0	19326.0	16689.0	18045.0	21708.0	18794.0	1.0	19681.0	22523.0	20881.0	19537.0	19301.0	17726.0	18847.0	17803.0	18855.0	20144.0	20661.0	20313.0	17256.0	20706.0	19128.0	19534.0	17893.0	17738.0	22478.0	21426.0	18373.0	23552.0	1.0	19821.0	19805.0	21465.0	19641.0	18930.0	19764.0
362.17044@7.4806037	2	33931.0	64096.0	43703.0	37179.0	31297.0	49298.0	68297.0	61645.0	47932.0	33984.0	82663.0	79964.0	33102.0	67508.0	47407.0	74188.0	66320.0	64185.0	96918.0	37064.0	34068.0	36924.0	66546.0	38873.0	51098.0	43600.0	58675.0	35053.0	106009.0	50772.0	49387.0	57154.0	32481.0	81091.0	34178.0	27141.0	28987.0	33068.0	32611.0	31461.0	31683.0	29936.0	32083.0	31422.0
237.1126@7.480454	2	38012.0	71668.0	48754.0	42925.0	33630.0	53852.0	78536.0	68468.0	55949.0	36229.0	91558.0	87413.0	37929.0	72004.0	52968.0	79531.0	71593.0	72010.0	107134.0	43990.0	41276.0	42072.0	76291.0	40940.0	59918.0	46894.0	64790.0	39496.0	118142.0	58375.0	52814.0	62561.0	34539.0	87700.0	36884.0	25831.0	31535.0	33730.0	36589.0	35009.0	32534.0	34824.0	30134.0	32661.0
240.13605@7.93765	2	40304.0	39275.0	36005.0	42505.0	1.0	33253.0	43039.0	27254.0	39230.0	28785.0	44603.0	66122.0	35185.0	37323.0	27624.0	37621.0	34985.0	45964.0	38126.0	33170.0	33647.0	33526.0	40797.0	31518.0	30088.0	31468.0	36263.0	1.0	69247.0	34946.0	32719.0	39138.0	29728.0	54750.0	27905.0	26430.0	26110.0	1.0	19971.0	1.0	26475.0	24956.0	23751.0	25941.0
298.1601@8.790174	2	239417.0	152539.0	33637.0	1.0	126290.0	120421.0	149731.0	29192.0	128320.0	96019.0	262370.0	36715.0	1.0	30811.0	1.0	140761.0	127073.0	113323.0	25098.0	149738.0	18595.0	159791.0	120332.0	137268.0	31187.0	31048.0	1.0	169361.0	137508.0	118009.0	31990.0	35944.0	228741.0	42487.0	17225.0	28155.0	1.0	24345.0	249541.0	114785.0	22743.0	36103.0	287735.0	30257.0
312.1756@9.692098	1	1.0	25647.0	24969.0	24735.0	24695.0	1.0	20897.0	18731.0	21099.0	23496.0	1.0	35604.0	18716.0	31796.0	1.0	23783.0	1.0	23123.0	1.0	26786.0	1.0	14750.0	18745.0	27885.0	19634.0	1.0	18220.0	1.0	22734.0	21505.0	21651.0	23141.0	24285.0	38107.0	30283.0	27669.0	20948.0	23415.0	1.0	23783.0	17760.0	19492.0	32421.0	26642.0
374.04477@1.2184783	1	33981.0	48808.0	1.0	98450.0	1.0	39030.0	110471.0	26231.0	49608.0	169178.0	29554.0	23595.0	113698.0	58937.0	88520.0	34178.0	76866.0	29429.0	1.0	1.0	42907.0	1.0	48806.0	44409.0	1.0	45356.0	114170.0	1.0	1.0	1.0	1.0	83593.0	34029.0	1.0	38390.0	1.0	36424.0	31424.0	30554.0	28246.0	29590.0	29180.0	25928.0	1.0
428.01648@1.2239321	2	35753.0	40382.0	49892.0	48182.0	31084.0	55196.0	19715.0	37713.0	63654.0	36722.0	38080.0	51512.0	37485.0	28368.0	34110.0	25598.0	37205.0	27072.0	66271.0	58543.0	49701.0	31013.0	28436.0	27635.0	1.0	32890.0	28468.0	41743.0	45606.0	27588.0	37852.0	30429.0	36377.0	39423.0	26529.0	1.0	26415.0	25208.0	24950.0	23400.0	23355.0	24563.0	22474.0	1.0
136.03668@1.2585713	1	66063.0	175881.0	1.0	566958.0	1.0	76089.0	1.0	1.0	1.0	1.0	107007.0	787906.0	1.0	1.0	410675.0	75370.0	104522.0	93210.0	648513.0	69826.0	115264.0	608281.0	812807.0	98273.0	871852.0	98106.0	489722.0	362739.0	108347.0	639627.0	1.0	1.0	101357.0	306064.0	610281.0	595981.0	397993.0	497083.0	509769.0	105302.0	118466.0	1.0	120396.0	568355.0
100.01513@1.335	1	59316.0	145447.0	1.0	1.0	115919.0	70496.0	77477.0	1.0	1.0	79928.0	80910.0	59276.0	85716.0	146124.0	60013.0	71341.0	71938.0	65456.0	68815.0	32622.0	1.0	67044.0	94969.0	129568.0	52914.0	80740.0	74326.0	1.0	6355.0	123508.0	43207.0	80224.0	60665.0	1.0	84976.0	65119.0	128043.0	67219.0	66696.0	80790.0	79249.0	93131.0	95412.0	82428.0
724.147@3.6823642	1	1.0	47499.0	1.0	1.0	31170.0	30665.0	35908.0	45681.0	22565.0	1.0	46903.0	32636.0	43227.0	41387.0	39658.0	33902.0	1.0	42299.0	35733.0	46765.0	36462.0	32120.0	1.0	39618.0	34090.0	1.0	37753.0	36061.0	38461.0	45460.0	55835.0	35527.0	1.0	36618.0	27507.0	27515.0	29034.0	31330.0	27453.0	26795.0	26030.0	27167.0	23732.0	24117.0
734.17523@3.683366	1	1.0	21889.0	1.0	1.0	13796.0	16859.0	18117.0	20926.0	12348.0	1.0	22436.0	12961.0	21568.0	20577.0	19445.0	16549.0	1.0	16794.0	18845.0	20116.0	22250.0	13223.0	1.0	16640.0	14191.0	1.0	18887.0	17565.0	18741.0	24837.0	26130.0	14483.0	1.0	18654.0	14468.0	11408.0	14289.0	15121.0	14211.0	14525.0	12625.0	12527.0	10333.0	12174.0
160.03658@1.2563137	1	125074.0	1.0	1.0	121936.0	14906.0	103729.0	48279.0	1.0	30961.0	57832.0	91821.0	1.0	1.0	206517.0	115457.0	102572.0	162735.0	188003.0	1.0	1.0	1.0	346776.0	121600.0	121115.0	307716.0	72259.0	115654.0	87312.0	114919.0	51124.0	18651.0	101632.0	97421.0	135392.0	30216.0	96677.0	98445.0	1.0	106189.0	1.0	99237.0	97936.0	102852.0	106698.0
